USUS41 KWBC 171400
IIAA USLKN1 17141 99900 10000 99900 00001
99768 14061 35001 00780 ///// ///// 70781 13261 00000 50360
09862 32504 40541 06550 07505 30759 20965 15503 25891 31164
21504 20045 43161 09001 15233 55359 01006 10489 60163 29508
88153 55358 03006
77999
31313 41708 81428
=
NNNN

UKUS41 KWBC 171400
IIBB USLKN1 17148 99900 10000 99900 00001
00768 14061 11570 08858 22564 09856 33550 12259 44545 12059
55535 12461 66529 13062 77524 12662 88473 06264 99363 12156
11360 12358 22353 13350 33335 15563 44315 17966 55199 43561
66165 52359 77153 55358 88152 55558 99146 54359 11132 57160
22115 57962 33103 60763 44100 60163
21212 00768 35001 11752 00000 22741 00000 33715 00000 44690
00000 55598 00000 66569 00000 77549 17503 88537 16504 99504
32504 11465 02002 22438 06504 33375 08003 44359 20501 55330
01001 66322 00501 77315 19001 88302 15003 99264 23002 11246
21005 22202 08501 33173 04505 44143 35005 55130 06501 66121
31007 77113 29003 88100 29508
31313 41708 81428
41414 9////
=
NNNN

ULUS41 KWBC 171400
IICC USLKN1 1714/ 99900 10000 99900 00001
NIL
=
NNNN

UEUS41 KWBC 171400
IIDD USLKN1 1714/ 99900 10000 99900 00001
11968 59764 22948 59764 33891 60965 44887 60965
21212 11950 31007 22887 29008
31313 41708 81428
=
NNNN