USUS41 KWBC 161500
IIAA USPQR02 66161 99444 71182 15648 12233
99880 15662 17001 00142 ///// ///// 92801 ///// ///// 85541
19869 34003 70194 11266 22512 50587 09773 21509 40756 20367
20502 30962 36361 21510 25085 46560 21010 20228 56959 23026
15411 55569 28016 10662 60969 28511
88200 56959 23026 88117 60769 30510
77999
31313 4070 81543=
NNNN

UMUS41 KWBC 161500
IIBB USPQR02 66168 99444 71182 15648 12233
00880 15662 11867 19067 22836 21472 33797 20076 44774 18872
55586 01759 66566 03762 77550 04375 88547 04375 99517 07777
11477 12570 22458 12977 33381 22168 44273 41961 55261 44163
66227 51356 77206 56157 88178 57564 99169 54369 11164 54170
22160 53569 33144 56969 44109 61369
21212 11880 17001 22702 22012 33619 27016 44588 26021 55553
26510 66539 25506 77490 20011 88453 26011 99359 17501 11292
21012 22220 21518 33212 22018 44188 24036 55178 25021 66176
25518 77162 25513 88154 29017 99144 27010 11132 26016 22126
28524 33119 30514 44115 30009 55113 28010 66103 28011
31313 4070 81543
41414 00900
21212 11880 17001 22702 22012 33619 27016 44588 26021 55553
26510 66539 25506 77490 20011 88453 26011 99359 17501 11292
21012 22220 21518 33212 22018 44188 24036 55178 25021 66176
25518 77162 25513 88154 29017 99144 27010 11132 26016 22126
28524 33119 30514 44115 30009 55113 28010 66103 28011=
NNNN

UFUS41 KWBC 161500
IICC USPQR02 66167 99444 71182 15648 12233
70880 62170 00510
88999
77999
31313 4070 81543=

IIDD USPQR02 6616/ 99444 71182 15648 12233
11712 62569 22607 57972 33562 58773
21212 11952 30514 22893 30013 33846 32512 44777 31012 55723
36012 66723 36012 77582 06010 88562 09011
31313 4070 81543
NNNN