USUS41 KWBC 142000
IIAA USMTR12 64202 99363 71219 12161 00163
99011 17256 28010 00112 11819 34515 92780 27070 20506 85522
23668 15510 70179 12283 18517 50591 04390 24018 40762 16783
24527 30970 32974 26539 25096 42763 27046
88999
77999
31313 40708 81950=
NNNN

UMUS41 KWBC 142000
IIBB USMTR12 64208 99363 71219 12161 00163
00011 17256 11008 13436 22002 12223 33985 12212 44983 13013
55977 18831 66970 20657 77964 24864 88964 24865 99953 24665
11947 26867 22936 27270 33921 27471 44860 23469 55818 22068
66706 12678 77673 10689 88637 08693 99544 00988 11439 10989
22243 44363
21212 11011 28010 22010 34017 33989 34510 44966 00000 55849
15010 66820 13012 77795 14013 88766 18518 99751 19021 11705
18018 22671 21013 33630 20012 44593 23012 55528 22513 66522
23513 77470 25023 88398 24528 99345 27029 11243 27046
31313 40708 81950
41414 /////
21212 11011 28010 22010 34017 33989 34510 44966 00000 55849
15010 66820 13012 77795 14013 88766 18518 99751 19021 11705
18018 22671 21013 33630 20012 44593 23012 55528 22513 66522
23513 77470 25023 88398 24528 99345 27029 11243 27046=
NNNN

UFUS41 KWBC 142000
IICC USMTR12 6420/ 99363 71219 12161 00163
88999
77999
31313 40708 81950=

IIDD USMTR12 6420/ 99363 71219 12161 00163
31313 40708 81950
NNNN