USUS41 KWBC 122000
IIAA USMTR12 62201 99363 71219 12161 00073
99015 17041 28003 00145 12805 27003 92809 22465 30502 85542
20663 06003 70184 12881 16012 50590 05775 11510 40759 17776
09003 30964 36564 29506 25087 43767 30533 20232 48969 29053
15414 58568 28563 10657 66364 26015
88999
77185 29570 42419
31313 40708 82014=
NNNN

UMUS41 KWBC 122000
IIBB USMTR12 62208 99363 71219 12161 00073
00015 17041 11011 13418 22968 11200 33963 13602 44959 15228
55949 22067 66945 22471 77926 22267 88917 24864 99776 14861
11776 14861 22768 15877 33765 15879 44748 14682 55716 12876
66693 13083 77651 09072 88636 08878 99458 10973 11371 21974
22292 38163 33289 38964 44208 49768 55187 49770 66159 56968
77134 60967 88124 64565 99122 63566 11106 66965 22101 65964
21212 11015 28003 22864 00000 33800 10011 44772 11516 55739
15515 66728 15517 77711 15016 88687 17010 99644 14010 11592
13503 22499 11510 33294 29006 44288 29010 55252 30532 66185
29570 77159 27564 88152 28564 99138 30042 11132 29034 22119
27026 33111 29522 44102 25515
31313 40708 82014
41414 /////
21212 11015 28003 22864 00000 33800 10011 44772 11516 55739
15515 66728 15517 77711 15016 88687 17010 99644 14010 11592
13503 22499 11510 33294 29006 44288 29010 55252 30532 66185
29570 77159 27564 88152 28564 99138 30042 11132 29034 22119
27026 33111 29522 44102 25515=
NNNN

UFUS41 KWBC 122000
IICC USMTR12 62207 99363 71219 12161 00073
70865 65767 04010
88923 68764 28007
77999
31313 40708 82014=

IIDD USMTR12 6220/ 99363 71219 12161 00073
11870 68965 22834 66366 33685 65966 44605 60768 55553 61769
66545 59969 77553 59369
21212 11941 28010 22903 24504 33703 03510 44657 07514 55553
10511
31313 40708 82014
NNNN