USUS41 KWBC 091800
IIAA USMSO1 09185 99463 71142 19264 10951
99900 18061 33002 00184 85579 11050 00503 70177 03456 20006
50580 16566 19516 40744
88999
77999
31313 41708 81744
=
NNNN

UMUS41 KWBC 091800
IIBB USMSO1 09188 99463 71142 19264 10951
00900 18061 11888 14650 22876 13448 33853 11256 44783 07238
55756 06246 66751 06450 77730 05256 88719 04450 99693 03057
11609 05526 22575 09337 33566 10332 44496 17167 55479 19165
66467 20568 77428 25163 88417 26564 99402 28360
21212 00900 33002 11858 01503 22843 35503 33828 00504 44811
35502 55798 30002 66784 00000 77775 03501 88714 20004 99706
20004 11690 20014 22641 20013 33616 19515 44558 18516 55544
18517 66517 18513 77490 20018 88430 20021 99402 20526
31313 41708 81744
41414 9////
=
NNNN

ULUS41 KWBC 091800
IICC USMSO1 0918/ 99463 71142 19264 10951
NIL
=
NNNN

UEUS41 KWBC 091800
IIDD USMSO1 0918/ 99463 71142 19264 10951
NIL
=
NNNN