USUS41 KWBC 081400
IIAA USGJT01 58141 99409 71064 15506 24303
99753 15258 19008 00039 ///// ///// 92697 ///// ///// 85411
///// ///// 70044 09056 18513 50576 08956 26029 40746 18159
23531 30954 33556 23042 25079 43756 22049 20227 51769 23051
15411 56173 24518 10662 62772 28504
88114 64969 23536
77999
31313 4070 81417=
NNNN

UKUS41 KWBC 081400
IIBB USGJT01 58148 99409 71064 15506 24303
00753 15258 11750 12657 22729 10449 33679 07050 44674 09658
55628 06458 66584 01860 77479 11736 88472 12330 99467 12150
11464 11366 22463 11566 33437 14574 44423 15970 55422 15960
66415 16965 77411 17156 88401 17968 99398 18556 11389 19536
22384 19958 33371 21963 44364 23156 55363 23362 66358 23973
77329 28572 88323 29557 99304 32756 11270 39757 22262 41363
33250 43956 44248 44356 55232 45561 66223 47776 77207 51169
88179 55770 99164 53974 11114 64970 22107 64372 33104 62373
21212 11753 19008 22753 17513 33714 17516 44698 18513 55667
24017 66618 28023 77562 28523 88471 25031 99446 26037 11443
26037 22384 22534 33331 22041 44294 23040 55261 21546 66180
24054 77152 25024 88149 24016 99147 20512 11144 18014 22137
16517 33126 22022 44117 23034 55110 25035 66102 28510
31313 4070 81417
41414 21685
21212 11753 19008 22753 17513 33714 17516 44698 18513 55667
24017 66618 28023 77562 28523 88471 25031 99446 26037 11443
26037 22384 22534 33331 22041 44294 23040 55261 21546 66180
24054 77152 25024 88149 24016 99147 20512 11144 18014 22137
16517 33126 22022 44117 23034 55110 25035 66102 28510=
NNNN

ULUS41 KWBC 081400
IICC USGJT01 58145 99409 71064 15506 24303
70880 59974 15504 50090 57580 10511
88648 63375 19009
77999
31313 4070 81417=
NNNN

UEUS41 KWBS 081400
IIDD USGJT01 5814/ 99409 71064 15506 24303
11882 67372 22857 64971 33791 66376 44717 59175 55648 63375
66428 54782
21212 11988 21501 22911 18510 33871 17021 44851 17527 55825
19025 66772 26018 77748 22510 88691 14004 99636 20010 11591
04010 22566 08010 33516 12012 44496 10513 55468 13017 66450
11510 77435 07510 88428 08013
31313 4070 81417=
NNNN