USUS41 KWBC 071500
IIAA USPQR02 57151 99444 71182 15648 12263
99874 15059 29005 00088 ///// ///// 92746 ///// ///// 85468
14262 29515 70084 06863 26515 50574 15126 19528 40739 25931
24019 30940 41539 15018 25060 49156 22030 20207 45956 22035
15395 50156 22542 10653 56358 21531
88250 49156 22030 88108 56157 22032
77999
31313 4070 81437=
NNNN

UMUS41 KWBC 071500
IIBB USPQR02 57158 99444 71182 15648 12263
00874 15059 11872 16062 22835 13262 33802 12462 44796 14662
55762 12665 66740 10868 77492 16123 88486 16933 99477 16959
11451 19957 22442 20762 33430 21358 44398 26128 55304 41140
66259 48756 77250 49156 88245 46357 99220 46757 11218 46558
22211 45156 33145 50357 44122 54957 55119 53957 66101 56557
21212 11874 29005 22838 29518 33837 29518 44768 26019 55725
27516 66698 26015 77660 21020 88622 20026 99544 19532 11486
19027 22457 21515 33411 24519 44351 23018 55330 18520 66307
15515 77292 14020 88274 16023 99252 22030 11230 22029 22221
20531 33199 22035 44181 21546 55179 21045 66146 22539 77133
21033 88121 22535 99113 21036 11107 22531
31313 4070 81437
41414 00992
21212 11874 29005 22838 29518 33837 29518 44768 26019 55725
27516 66698 26015 77660 21020 88622 20026 99544 19532 11486
19027 22457 21515 33411 24519 44351 23018 55330 18520 66307
15515 77292 14020 88274 16023 99252 22030 11230 22029 22221
20531 33199 22035 44181 21546 55179 21045 66146 22539 77133
21033 88121 22535 99113 21036 11107 22531=
NNNN

UFUS41 KWBC 071500
IICC USPQR02 57153 99444 71182 15648 12263
70874 57158 24515 50083 55757 09014 30401 52356 11016
88999
77999
31313 4070 81437=

IIDD USPQR02 5715/ 99444 71182 15648 12263
11945 54558 22774 58357 33614 57757 44273 50156
21212 11926 21019 22855 23515 33815 20513 44744 20010 55645
29510 66580 01501 77507 09011 88492 11016 99468 16511 11462
16510 22448 13507 33441 11510 44432 11510 55401 04012 66353
10013 77301 11016 88291 13013 99282 10514 11273 11022
31313 4070 81437