USUS41 KWBC 061500
IIAA USPQR02 56151 99444 71182 15648 12283
99874 17062 33002 00087 ///// ///// 92749 ///// ///// 85482
15863 31504 70114 07861 19008 50578 13512 21521 40743 24958
22023 30945 39368 21526 25067 46371 22532 20213 48776 21535
15399 54175 21036 10653 58175 25033
88219 50170 22030 88111 59175 21035
77999
31313 40708 81445=
NNNN

UMUS41 KWBC 061500
IIBB USPQR02 56158 99444 71182 15648 12283
00874 17062 11780 14663 22739 11862 33576 04757 44527 11333
55453 18710 66440 19912 77438 20957 88431 21758 99422 23159
11379 26958 22364 29358 33342 31974 44264 44968 55226 49568
66219 50170 77213 48176 88172 48381 99150 54375 11144 53975
22132 56573 33127 55773 44111 59175 55101 57976
21212 11874 33002 22747 17010 33653 22510 44576 24012 55532
24016 66498 21021 77454 22025 88431 20523 99407 22523 11382
22521 22357 21020 33279 23028 44170 21543 55163 21536 66153
20034 77145 22034 88138 21532 99134 22534 11131 23029 22126
20017 33123 19520 44101 24534
31313 40708 81445
41414 00/9/
21212 11874 33002 22747 17010 33653 22510 44576 24012 55532
24016 66498 21021 77454 22025 88431 20523 99407 22523 11382
22521 22357 21020 33279 23028 44170 21543 55163 21536 66153
20034 77145 22034 88138 21532 99134 22534 11131 23029 22126
20017 33123 19520 44101 24534=
NNNN

UFUS41 KWBC 061500
IICC USPQR02 56155 99444 71182 15648 12283
70874 57377 10002 50082 55977 16512
88999
77999
31313 40708 81445=

IIDD USPQR02 5615/ 99444 71182 15648 12283
11944 59776 22884 56377 33757 59576 44651 54979 55614 57778
66443 54781
21212 11976 25530 22914 24511 33897 20006 44879 15510 55867
15514 66809 20020 77731 27010 88704 00501 99644 11510 11630
13513 22620 14512 33569 14010 44554 15510 55526 12510 66494
17510 77470 09510 88461 10010 99443 07008
31313 40708 81445
NNNN