USUS41 KWBC 052000
IIAA USBYZ01 55201 99463 71141 15664 11003
99888 23265 35502 00072 ///// ///// 92748 ///// ///// 85482
20468 23502 70123 11270 26001 50580 11950 25028 40745 23133
22045 30948 37767 22545 25070 42571 23054 20216 48572 22558
15398 56371 23047 10643 60369 21022
88120 61967 24022
77999
31313 40708 82023=
NNNN

UKUS41 KWBC 052000
IIBB USBYZ01 55208 99463 71141 15664 11003
00888 23265 11864 20665 22814 19868 33741 15280 44741 15280
55473 15542 66398 23329 77372 25557 88372 25757 99341 30756
11323 33970 22302 37567 33243 42971 44227 45969 55210 45973
66174 53171 77165 52972 88156 55570 99146 56170 11124 61367
22109 62168 33103 59970
21212 11888 35502 22799 17010 33702 00000 44667 24010 55627
22512 66519 25526 77469 25528 88391 21550 99356 22055 11323
23050 22310 22545 33201 22558 44197 22558 55186 24051 66162
22536 77150 23047 88145 23042 99135 21035 11123 24530 22118
23021 33116 21524 44102 20524
31313 40708 82023
41414 /////
21212 11888 35502 22799 17010 33702 00000 44667 24010 55627
22512 66519 25526 77469 25528 88391 21550 99356 22055 11323
23050 22310 22545 33201 22558 44197 22558 55186 24051 66162
22536 77150 23047 88145 23042 99135 21035 11123 24530 22118
23021 33116 21524 44102 20524=
NNNN

ULUS41 KWBC 052000
IICC USBYZ01 5520/ 99463 71141 15664 11003
88999
77999
31313 40708 82023=
NNNN

UEUS41 KWBC 052000
IIDD USBYZ01 5520/ 99463 71141 15664 11003
11987 60569
21212 11987 22021
31313 40708 82023
NNNN