EEAA USBYZ01 55208 99463 71141 15664 11003
44385 23502 26001 25028 44340 22045 22545 23054 44320 22558
23047 21022
77999

UGUS41 KWBC 052000
EEBB USBYZ01 55208 99463 71141 15664 11003
21212 00888 35502 11799 17010 22702 00000 33667 24010 44627
22512 55519 25526 66469 25528 77391 21550 88356 22055 99323
23050 11310 22545 22201 22558 33197 22558 44186 24051 55162
22536 66150 23047 77145 23042 88135 21035 99123 24530 11118
23021 22116 21524 33102 20524=
NNNN

EECC USBYZ01 55208 99463 71141 15664 11003
77999

UQUS41 KWBC 052000
EEDD USBYZ01 55208 99463 71141 15664 11003
21212 11987 22021=
NNNN