USUS41 KWBC 051600
IIAA USPQR02 55151 99444 71182 15648 12293
99875 23068 00000 00071 ///// ///// 92747 ///// ///// 85494
19469 04502 70141 11672 22514 50582 12541 21030 40747 25761
19025 30951 36774 22035 25075 41975 21544 20222 47776 22048
15406 57171 22032
88999
77999
31313 4070 81520=
NNNN

UMUS41 KWBC 051600
IIBB USPQR02 55158 99444 71182 15648 12293
00875 23068 11875 22468 22875 21868 33874 20668 44872 18268
55826 20271 66764 15670 77722 14274 88708 12673 99521 09956
11455 18727 22406 25756 33404 25956 44396 25175 55374 26175
66315 35770 77247 42175 88215 48171 99200 47776 11161 55373
22133 59769
21212 11875 00000 22778 17510 33722 22012 44672 23015 55534
20526 66481 21534 77448 21529 88414 20021 99403 19024 11371
21535 22368 21535 33241 21044 44194 22552 55186 23043 66179
22536 77173 21540 88164 22545 99158 23540 11149 22033 22141
23030 33133 21032
31313 4070 81520
41414 00/00
21212 11875 00000 22778 17510 33722 22012 44672 23015 55534
20526 66481 21534 77448 21529 88414 20021 99403 19024 11371
21535 22368 21535 33241 21044 44194 22552 55186 23043 66179
22536 77173 21540 88164 22545 99158 23540 11149 22033 22141
23030 33133 21032=
NNNN

UFUS41 KWBC 051600
IICC USPQR02 5515/ 99444 71182 15648 12293
88999
77999
31313 4070 81520=

IIDD USPQR02 5515/ 99444 71182 15648 12293
31313 4070 81520
NNNN