USUS41 KWBC 031400
IIAA USGJT01 53141 99374 71135 12073 20043
99805 15656 00000 00166 ///// ///// 92825 ///// ///// 85540
///// ///// 70206 10256 25014 50589 09371 26024 40757 21978
25528 30962 36974 25023 25085 45769 26022 20231 52370 24533
15414 57372 25030 10662 67767 27014
88110 67767 21513
77999
31313 40708 81356=
NNNN

UKUS41 KWBC 031400
IIBB USGJT01 53148 99374 71135 12073 20043
00805 15656 11802 17657 22786 18458 33630 02239 44627 01843
55623 01650 66619 02875 77611 02879 88610 02879 99539 06160
11539 06360 22528 06571 33474 12565 44438 16582 55437 16583
66349 30376 77263 43970 88223 50168 99205 51171 11187 54570
22175 55570 33168 53973 44144 59371 55136 59372 66110 67767
77105 66567
21212 11805 00000 22782 21010 33743 24013 44641 26014 55609
29510 66573 30010 77534 26517 88478 25030 99456 25531 11344
26523 22301 25022 33271 27026 44235 27019 55220 27017 66199
24534 77163 25545 88156 25537 99143 24033 11123 29510 22117
27505 33111 20510 44105 25021 55101 27015
31313 40708 81356
41414 00/00
21212 11805 00000 22782 21010 33743 24013 44641 26014 55609
29510 66573 30010 77534 26517 88478 25030 99456 25531 11344
26523 22301 25022 33271 27026 44235 27019 55220 27017 66199
24534 77163 25545 88156 25537 99143 24033 11123 29510 22117
27505 33111 20510 44105 25021 55101 27015=
NNNN

ULUS41 KWBC 031400
IICC USGJT01 53147 99374 71135 12073 20043
70876 64172 27506
88999
77999
31313 40708 81356=
NNNN

UEUS41 KWBC 031400
IIDD USGJT01 5314/ 99374 71135 12073 20043
11908 68972 22848 63571 33792 65971 44611 61980
21212 11925 24514 22904 25013 33878 28510 44840 27503 55765
14010 66731 18010 77662 02010 88639 05510 99611 16007
31313 40708 81356=
NNNN