USUS41 KWBC 291500
IIAA USGJT01 79151 99374 71135 12073 20033
99806 20664 00000 00144 ///// ///// 92814 ///// ///// 85541
///// ///// 70224 13663 20515 50594 09927 19016 40762 19575
22018 30968 35173 23517 25090 42375 23523 20236 50577 24524
15416 62369 25522 10657 66967 12005
88108 69367 18501
77999
31313 04070 81439=
NNNN

UKUS41 KWBC 291500
IIBB USGJT01 79158 99374 71135 12073 20033
00806 20664 11799 22067 22776 21668 33730 16865 44626 04856
55503 09310 66500 09927 77494 09339 88463 13357 99426 17157
11425 17358 22413 17180 33412 17381 44359 26170 55283 38770
66218 46777 77172 57371 88135 65767 99108 69367 11102 66569
21212 11806 00000 22768 18510 33739 20515 44737 20515 55565
19513 66527 20517 77494 18517 88449 18018 99431 19013 11410
22017 22381 23018 33341 22024 44328 22528 55299 23517 66288
23014 77264 21018 88244 24523 99207 23525 11195 25524 22180
24026 33172 25028 44162 27021 55141 26515 66109 13501
31313 04070 81439
41414 40885
21212 11806 00000 22768 18510 33739 20515 44737 20515 55565
19513 66527 20517 77494 18517 88449 18018 99431 19013 11410
22017 22381 23018 33341 22024 44328 22528 55299 23517 66288
23014 77264 21018 88244 24523 99207 23525 11195 25524 22180
24026 33172 25028 44162 27021 55141 26515 66109 13501=
NNNN

ULUS41 KWBC 291500
IICC USGJT01 79157 99374 71135 12073 20033
70867 64375 10512
88999
77999
31313 04070 81439=
NNNN

UEUS41 KWBC 291500
IIDD USGJT01 7915/ 99374 71135 12073 20033
11825 70369 22698 64175 33518 60980
21212 11902 10510 22841 17510 33785 06010 44710 10013 55672
10014 66630 12510 77590 06011 88537 12017 99518 12015
31313 04070 81439=
NNNN