USUS41 KWBC 271400
IIAA USGJT01 77141 99374 71135 12073 19582
99808 20268 04002 00125 ///// ///// 92795 ///// ///// 85521
///// ///// 70251 15874 13020 50597 09356 15005 40765 19175
23505 30972 38163 29008 25098 45169 25013 20246 53170 23528
15429 61970 23029 10677 68369 25509
88103 69368 23008
77999
31313 4070 81401=
NNNN

UKUS41 KWBC 271400
IIBB USGJT01 77148 99374 71135 12073 19582
00808 20268 11808 20469 22808 21875 33808 21472 44808 20068
55808 19066 66807 20870 77801 24881 88800 24881 99777 23880
11647 10671 22500 09356 33499 09556 44486 07771 55482 07972
66425 14975 77415 16576 88310 36363 99306 37163 11222 50570
22179 55170 33136 64770 44116 67569 55113 66769 66103 69368
21212 11808 04002 22787 11010 33699 13021 44678 13017 55652
15013 66597 15004 77291 25507 88284 23510 99267 22518 11242
26015 22214 23522 33174 23539 44161 24533 55149 23029 66134
23021 77123 26513 88112 23510 99105 23510
31313 4070 81401
41414 00/00
21212 11808 04002 22787 11010 33699 13021 44678 13017 55652
15013 66597 15004 77291 25507 88284 23510 99267 22518 11242
26015 22214 23522 33174 23539 44161 24533 55149 23029 66134
23021 77123 26513 88112 23510 99105 23510=
NNNN

ULUS41 KWBC 271400
IICC USGJT01 77147 99374 71135 12073 19582
70893 64570 05521
88999
77999
31313 4070 81401=
NNNN

UEUS41 KWBC 271400
IIDD USGJT01 7714/ 99374 71135 12073 19582
11884 67969 22867 64770 33787 67969 44636 61371
21212 11944 00000 22894 11010 33863 12514 44819 18011 55741
36012 66740 36012 77711 04520 88659 08023 99636 11020
31313 4070 81401=
NNNN