EEAA USGJT01 77148 99374 71135 12073 19582
44385 ///// 13020 15005 44340 23505 29008 25013 44320 23528
23029 25509
77999

UGUS41 KWBC 271400
EEBB USGJT01 77148 99374 71135 12073 19582
21212 00808 04002 11787 11010 22699 13021 33678 13017 44652
15013 55597 15004 66291 25507 77284 23510 88267 22518 99242
26015 11214 23522 22174 23539 33161 24533 44149 23029 55134
23021 66123 26513 77112 23510 88105 23510
NNNN

EECC USGJT01 77148 99374 71135 12073 19582
44170 05521
77999

UQUS41 KWBC 271400
EEDD USGJT01 77148 99374 71135 12073 19582
21212 11944 00000 22894 11010 33863 12514 44819 18011 55741
36012 66740 36012 77711 04520 88659 08023 99636 11020
NNNN