IIAA  22174
99998 20659 04001 00463 92139 23068 05004 85868 17864 14001
70501 06859 11503 50616 14132 11006 40782 25569 34504 88999
77999 31313 41708 81725 =

IIBB  22178
00998 20659 11994 19456 22986 18859 33968 22266 44958 23466
55941 24068 66935 23669 77894 20866 88841 17263 99806 15664
11642 01650 22583 04756 33543 09535 44464 18162 55427 22367
21212 00998 04001 11978 20501 22959 04501 33951 04002 44940
04004 55919 05003 66887 00000 77849 14501 88827 11004 99784
09005 11752 06002 22719 14003 33703 11503 44672 08502 55642
10503 66616 14007 77589 11508 88564 12010 99501 11006 11444
32003 22414 35504 33392 34505 31313 41708 81725 51515 11900
07001 22800 09006 33600 12507 =

IICC 2217/
NIL  =

IIDD 2217/
NIL  =