94578 YBBN Brisbane Airport Aero Observations at 12Z 16 Nov 2008

-----------------------------------------------------------------------------
   PRES   HGHT   TEMP   DWPT   RELH   MIXR   DRCT   SKNT   THTA   THTE   THTV
    hPa     m      C      C      %    g/kg    deg   knot     K      K      K 
-----------------------------------------------------------------------------
 1014.0      5   20.8   19.8     94  14.55    165     10  292.8  334.2  295.3
 1000.0    128   20.0   19.0     94  14.03    155     17  293.1  333.2  295.6
  978.0    320   18.4   18.0     98  13.46    143     23  293.4  331.9  295.8
  972.0    373   19.3   18.3     94  13.77    140     25  294.8  334.4  297.2
  971.0    382   19.4   18.3     93  13.82    139     25  295.0  334.8  297.5
  958.0    498   18.9   18.2     96  13.90    125     24  295.6  335.8  298.1
  940.0    661   18.2   18.0     99  14.01    114     22  296.6  337.1  299.0
  925.0    799   17.8   17.3     97  13.62    105     20  297.5  337.1  299.9
  922.0    827   17.7   17.1     97  13.52    105     19  297.7  337.0  300.1
  903.0   1004   16.9   16.1     95  12.89    105     11  298.7  336.4  301.0
  889.0   1137   16.4   15.3     93  12.43     70     10  299.4  336.0  301.7
  850.0   1520   14.8   13.0     89  11.19     35     12  301.6  334.9  303.7
  847.0   1550   14.7   12.9     89  11.13     35     12  301.8  334.9  303.8
  841.0   1610   14.4   12.6     89  11.01     35     12  302.1  334.9  304.1
  816.0   1865   13.0    9.1     77   8.96     35      9  303.3  330.3  304.9
  811.0   1917   12.7    8.9     78   8.92     35      9  303.5  330.4  305.1
  789.0   2146   11.3    8.2     81   8.72     75      1  304.4  330.8  306.0
  770.0   2349   10.1    7.5     84   8.54    155      9  305.2  331.2  306.8
  749.0   2580    8.7    6.8     88   8.35    170     11  306.1  331.6  307.6
  735.0   2737    7.8    6.3     91   8.21    190     16  306.7  331.9  308.2
  724.0   2863    7.0    5.9     93   8.11    193     17  307.2  332.1  308.7
  700.0   3140    5.4    3.5     88   7.08    200     20  308.4  330.4  309.8
  685.0   3317    4.7    2.0     83   6.50    200     20  309.6  329.9  310.8
  683.0   3341    4.6    1.8     82   6.42    199     21  309.7  329.8  310.9
  669.0   3509    3.3    1.2     86   6.30    195     24  310.1  329.9  311.3
  654.0   3692    1.9    0.7     91   6.17    185     19  310.6  330.0  311.7
  638.0   3893    0.4    0.0     97   6.03    189     11  311.0  330.1  312.2
  635.0   3930    0.2   -0.1     97   6.00    190     10  311.3  330.2  312.4
  601.0   4369   -1.6   -1.9     98   5.58    220     11  314.1  332.0  315.2
  582.0   4625   -2.6   -2.9     98   5.34    215     10  315.8  333.0  316.8
  566.0   4847   -3.5   -3.8     98   5.14    200      7  317.2  333.9  318.2
  553.0   5032   -4.3   -4.5     99   4.98    214      9  318.4  334.7  319.4
  552.0   5046   -4.4   -4.6     98   4.95    215      9  318.5  334.7  319.5
  541.0   5203   -5.3   -5.7     97   4.64    215     13  319.3  334.6  320.2
  521.0   5498   -6.9   -7.8     93   4.10    250     16  320.8  334.4  321.6
  500.0   5820   -8.7  -10.1     90   3.57    230     22  322.4  334.4  323.1
  496.0   5882   -9.1  -10.4     90   3.50    230     22  322.7  334.5  323.4
  484.0   6073  -10.1  -11.5     89   3.30    239     24  323.7  334.9  324.3
  477.0   6184  -10.9  -12.2     90   3.17    245     25  324.1  334.9  324.7
  453.0   6578  -13.6  -14.4     93   2.77    235     22  325.5  335.1  326.0
  424.0   7084  -17.1  -17.4     97   2.32    260     31  327.2  335.4  327.7
  422.0   7120  -17.3  -17.6     98   2.29    261     31  327.4  335.4  327.8
  410.0   7336  -19.5  -24.5     65   1.29    266     30  327.2  331.9  327.5
  400.0   7520  -20.5  -25.0     67   1.26    270     30  328.3  332.9  328.5
  389.0   7725  -22.1  -25.3     75   1.26    275     33  328.8  333.4  329.0
  381.0   7878  -23.3  -25.6     81   1.26    277     34  329.2  333.8  329.4
  372.0   8053  -24.1  -27.0     77   1.13    279     35  330.4  334.6  330.6
  367.0   8152  -24.5  -30.6     57   0.82    280     36  331.1  334.3  331.3
  364.0   8211  -24.7  -32.7     47   0.68    279     38  331.6  334.2  331.8
  350.0   8496  -26.5  -35.5     42   0.53    272     47  332.9  335.0  333.0
  346.0   8579  -26.5  -39.5     28   0.36    270     49  334.0  335.5  334.1
  345.0   8600  -26.7  -40.2     27   0.33    270     50  334.1  335.4  334.1
  334.0   8833  -28.7  -48.7     13   0.14    266     49  334.4  335.0  334.4
  320.0   9135  -31.5  -49.9     15   0.13    260     48  334.6  335.2  334.7
  300.0   9590  -35.7  -51.7     18   0.11    265     46  334.9  335.4  335.0
  292.0   9772  -37.3  -52.9     18   0.10    265     43  335.2  335.6  335.2
  257.0  10634  -45.0  -58.5     21   0.06    250     49  336.3  336.6  336.3
  250.0  10820  -46.7  -59.7     21   0.05    250     52  336.5  336.7  336.5
  242.0  11035  -48.7  -61.7     21   0.04    247     54  336.6  336.8  336.6
  224.0  11538  -53.6  -63.6     29   0.03    240     59  336.6  336.7  336.6
  219.0  11684  -55.1  -64.1     32   0.03    239     62  336.5  336.7  336.5
  200.0  12260  -59.3  -70.3     23   0.01    235     76  338.7  338.8  338.7
  199.0  12291  -59.4  -70.4     23   0.01    235     76  339.0  339.1  339.0
  195.0  12418  -59.9  -70.9     22   0.01    238     71  340.2  340.3  340.2
  180.0  12914  -62.9                         249     52  343.2         343.2
  179.0  12948  -63.1                         250     51  343.4         343.4
  171.0  13227  -64.8                         265     43  345.2         345.2
  165.0  13445  -66.0                         275     46  346.6         346.6
  162.0  13557  -66.7                         272     49  347.3         347.3
  150.0  14020  -68.5                         260     64  351.9         351.9
  149.0  14060  -68.7                         260     64  352.2         352.2
  139.0  14478  -67.7                         260     69  361.0         361.0
  132.0  14788  -68.6                         260     73  364.9         364.9
  131.0  14834  -68.7                         259     72  365.4         365.4
  126.0  15068  -66.7                         253     69  373.1         373.1
  115.0  15618  -69.3                         240     62  378.2         378.2
  113.0  15723  -67.7                         230     57  383.1         383.1
  108.0  15995  -69.1                         235     39  385.4         385.4
  104.0  16222  -65.5                         265     26  396.4         396.4
  102.0  16340  -66.5                         280     19  396.8         396.8
  100.0  16460  -67.5                         285     20  397.1         397.1
   95.0  16766  -70.2                         280     23  397.5         397.5
   94.9  16773  -70.3                         280     23  397.5         397.5
   93.9  16836  -68.7                         276     24  401.9         401.9
   90.0  17087  -70.0                         260     27  404.3         404.3
   86.0  17357  -71.3                         235     18  406.9         406.9
   84.8  17440  -71.7                         235     17  407.7         407.7
   84.0  17496  -71.8                         240     16  408.6         408.6
   82.0  17638  -72.1                         260     13  410.8         410.8
   81.0  17711  -70.1                         270     11  416.3         416.3
   80.5  17747  -69.1                         280     10  419.1         419.1
   79.0  17859  -69.3                         310      6  421.0         421.0
   77.0  18012  -69.6                         325     10  423.4         423.4
   75.0  18168  -69.9                         315     12  426.0         426.0
   73.8  18264  -70.1                         295     12  427.6         427.6
   72.0  18412  -69.0                         265     12  433.0         433.0
   70.0  18580  -67.7                         245     13  439.2         439.2
   68.0  18755  -67.1                         210     16  444.1         444.1
   66.0  18935  -66.5                         180     12  449.3         449.3
   64.0  19121  -66.8                         175      3  452.5         452.5
   59.0  19612  -67.7                         150      4  461.2         461.2
   57.9  19726  -67.9                         139      7  463.2         463.2
   57.0  19821  -67.3                         130     10  466.6         466.6
   53.0  20265  -64.6                          85     18  482.6         482.6
   51.0  20499  -63.2                          70     15  491.3         491.3
   50.0  20620  -62.5                          70     14  495.8         495.8
   47.7  20911  -61.3                          93     13  505.4         505.4
   46.0  21139  -60.6                         110     12  512.2         512.2
   44.0  21418  -59.9                          75     18  520.7         520.7
   42.0  21710  -59.0                          95     17  529.7         529.7
   40.0  22016  -58.1                          60     16  539.4         539.4
   38.0  22338  -57.2                          80      7  549.6         549.6
   36.0  22678  -56.2                         110     11  560.7         560.7
   35.7  22730  -56.1                         109     13  562.5         562.5
   34.2  23002  -57.3                         106     23  566.2         566.2
   34.0                                       105     24                     

Station information and sounding indices

                         Station identifier: YBBN
                             Station number: 94578
                           Observation time: 081116/1200
                           Station latitude: -27.38
                          Station longitude: 153.13
                          Station elevation: 5.0
                            Showalter index: 0.38
                               Lifted index: 0.97
    LIFT computed using virtual temperature: 0.95
                                SWEAT index: 202.02
                                    K index: 34.60
                         Cross totals index: 21.70
                      Vertical totals index: 23.50
                        Totals totals index: 45.20
      Convective Available Potential Energy: 26.02
             CAPE using virtual temperature: 32.84
                      Convective Inhibition: -89.45
             CINS using virtual temperature: -83.07
                           Equilibrum Level: 578.17
 Equilibrum Level using virtual temperature: 577.59
                   Level of Free Convection: 706.55
             LFCT using virtual temperature: 719.06
                     Bulk Richardson Number: 1.19
          Bulk Richardson Number using CAPV: 1.51
  Temp [K] of the Lifted Condensation Level: 291.57
Pres [hPa] of the Lifted Condensation Level: 973.55
     Mean mixed layer potential temperature: 293.82
              Mean mixed layer mixing ratio: 13.89
              1000 hPa to 500 hPa thickness: 5692.00
Precipitable water [mm] for entire sounding: 49.96
