94866 YMML Melbourne Airport Observations at 12Z 06 Mar 2010

-----------------------------------------------------------------------------
   PRES   HGHT   TEMP   DWPT   RELH   MIXR   DRCT   SKNT   THTA   THTE   THTV
    hPa     m      C      C      %    g/kg    deg   knot     K      K      K 
-----------------------------------------------------------------------------
 1001.0    119   18.6   15.6     83  11.25    355      8  291.7  323.7  293.6
 1000.0    125   18.8   16.2     85  11.71      0      9  291.9  325.3  294.0
  966.0    422   16.8   14.2     85  10.64     36     15  292.8  323.3  294.7
  962.0    457   17.1   13.8     81  10.43     40     16  293.4  323.4  295.3
  951.0    556   17.8   12.8     73   9.86     31     15  295.2  323.8  296.9
  925.0    793   16.0   12.4     79   9.87     10     13  295.7  324.4  297.4
  915.0    885   15.3   11.8     80   9.61    355     10  295.9  323.9  297.6
  850.0   1508   10.6    8.0     84   7.98    310      5  297.2  320.7  298.7
  831.0   1696    9.0    7.0     87   7.61    300      3  297.4  319.9  298.8
  822.0   1786    8.2    6.5     89   7.44    314      4  297.6  319.6  298.9
  793.0   2083    6.4    2.3     75   5.73    359      7  298.7  315.9  299.7
  791.0   2103    6.2    2.2     76   5.70      3      7  298.7  315.8  299.7
  756.0   2473    3.5    2.7     95   6.20     60     11  299.7  318.3  300.8
  752.0   2516    3.2    2.8     97   6.26     59     12  299.8  318.6  300.9
  738.0   2669    3.8    3.8    100   6.86     57     16  302.1  322.8  303.3
  722.0   2847    3.0    3.0    100   6.63     55     20  303.1  323.3  304.4
  700.0   3098    2.0    1.9     99   6.31     25     26  304.7  324.0  305.8
  698.0   3121    1.9    1.8     99   6.28     20     26  304.8  324.1  305.9
  670.0   3452    0.2    0.2    100   5.83     13     37  306.5  324.6  307.6
  669.0   3464    0.2    0.2    100   5.84     13     37  306.6  324.7  307.7
  659.0   3585   -0.2   -0.9     95   5.46     10     41  307.5  324.5  308.5
  652.0   3671   -0.5   -1.7     92   5.21      9     41  308.1  324.4  309.1
  618.0   4098   -3.5   -3.5    100   4.80      6     43  309.4  324.6  310.3
  605.0   4266   -4.3   -8.5     73   3.34      5     44  310.4  321.2  311.0
  596.0   4385   -4.3   -6.7     83   3.90      4     45  311.7  324.3  312.4
  558.0   4901   -8.0   -8.6     95   3.59      0     47  313.3  325.0  313.9
  547.0   5057   -9.1   -9.2     99   3.50      1     46  313.7  325.2  314.4
  528.0   5331  -10.7  -10.9     98   3.17      3     45  315.0  325.4  315.6
  526.0   5360  -10.3  -11.3     92   3.08      3     45  315.8  326.0  316.4
  509.0   5613  -11.7  -13.7     85   2.62      5     44  317.1  325.9  317.6
  500.0   5750  -12.5  -15.0     82   2.40    350     42  317.7  325.9  318.2
  483.0   6010  -14.2  -16.9     80   2.12    350     34  318.8  326.0  319.2
  440.0   6711  -18.9  -22.0     76   1.50    350     49  321.5  326.8  321.8
  420.0   7052  -21.6  -23.9     81   1.32    350     57  322.3  327.0  322.5
  400.0   7410  -24.5  -26.0     87   1.15    345     54  323.1  327.2  323.3
  391.0   7576  -25.9  -26.7     93   1.11    346     53  323.3  327.3  323.6
  339.0   8586  -34.1  -36.5     78   0.50    355     45  325.7  327.6  325.8
  316.0   9083  -38.1  -41.4     71   0.32    349     61  326.7  327.9  326.7
  300.0   9440  -40.3  -43.3     73   0.28    345     73  328.4  329.6  328.5
  293.0   9601  -40.9  -43.9     73   0.27    345     77  329.8  330.9  329.9
  291.0   9648  -41.3  -45.4     64   0.23    345     78  329.9  330.8  329.9
  265.0  10276  -46.7  -48.2     85   0.18    345     93  330.9  331.7  331.0
  256.0  10504  -48.6  -50.4     82   0.15    345     98  331.4  332.0  331.4
  252.0  10608  -49.5  -51.4     80   0.13    342     97  331.6  332.1  331.6
  250.0  10660  -49.9  -52.2     77   0.12    340     97  331.8  332.3  331.8
  244.0  10818  -51.1  -56.0     56   0.08    340     96  332.3  332.6  332.3
  240.0  10925  -50.7  -58.7     38   0.06    339     97  334.4  334.7  334.4
  222.0  11432  -50.1  -64.1     18   0.03    336    104  342.9  343.0  342.9
  221.0  11461  -50.1  -68.1     10   0.02    336    104  343.3  343.4  343.3
  216.0  11610  -50.3  -69.9      8   0.01    335    106  345.2  345.3  345.2
  201.0  12078  -51.0  -75.7      4   0.01    335    125  351.3  351.3  351.3
  200.0  12110  -51.1  -76.1      4   0.01    335    125  351.7  351.7  351.7
  188.0  12510  -51.6  -77.5      3   0.01    330    120  357.1  357.2  357.1
  170.0  13161  -52.5  -79.7      2   0.00    330     90  366.1  366.2  366.1
  159.0  13593  -53.0  -81.2      2   0.00    335     93  372.3  372.3  372.3
  150.0  13970  -53.5  -82.5      2   0.00    330     74  377.7  377.7  377.7
  149.0  14013  -53.3  -83.3      1   0.00    332     73  378.8  378.8  378.8
  147.0  14099  -54.0  -83.7      1   0.00    335     70  379.0  379.0  379.0
  131.0  14830  -59.9  -86.9      2   0.00    345     65  381.1  381.2  381.1
  126.0  15072  -62.1  -86.9      2   0.00    340     67  381.4  381.4  381.4
  118.0  15478  -62.3  -86.8      2   0.00    336     58  388.3  388.3  388.3
  107.0  16076  -66.5  -86.8      4   0.00    330     44  391.3  391.4  391.3
  100.0  16490  -62.3  -86.7      2   0.00    340     19  407.1  407.1  407.1
   95.0  16805  -63.4  -86.7      3   0.00      0     25  410.9  410.9  410.9
   93.0  16935  -63.9  -86.7      3   0.00    350     30  412.5  412.5  412.5
   88.0  17275  -65.1  -86.7      4   0.00      0     25  416.6  416.6  416.6
   86.5  17380  -65.5  -86.7      4   0.00    350     21  417.9  417.9  417.9
   83.0  17632  -65.1  -86.6      4   0.00    325     12  423.6  423.6  423.6
   82.0  17706  -65.0  -86.6      4   0.00     15      3  425.2  425.3  425.2
   78.0  18012  -64.6  -86.6      3   0.00     45     10  432.3  432.3  432.3
   75.3  18227  -64.3  -86.6      3   0.00    351     17  437.3  437.3  437.3
   75.0  18252  -63.9  -86.6      3   0.00    345     18  438.7  438.7  438.7
   73.2  18401  -61.1  -86.5      2   0.00    357     20  447.6  447.6  447.6
   72.0  18504  -60.8  -86.5      2   0.00      5     21  450.3  450.3  450.3
   70.0  18680  -60.3  -86.5      2   0.00      5     16  455.0  455.1  455.0
   69.0  18770  -60.0  -86.5      2   0.00      5     10  457.6  457.6  457.6
   68.0  18861  -59.7  -86.5      2   0.00     30      6  460.2  460.2  460.2
   67.5  18907  -59.5  -86.5      2   0.00     45      8  461.5  461.5  461.5
   67.0  18953  -59.7  -86.5      2   0.00     60     11  462.1  462.1  462.1
   66.0  19046  -60.0  -86.4      2   0.00     70     18  463.3  463.4  463.3
   64.0  19236  -60.8  -86.2      2   0.00     65     22  465.8  465.8  465.8
   59.0  19739  -62.7  -85.7      3   0.00     10     11  472.4  472.5  472.4
   56.0  20062  -63.9  -85.4      4   0.00     20     12  476.7  476.7  476.7
   55.0  20173  -64.4  -85.3      4   0.01     10     10  478.2  478.2  478.2
   54.7  20207  -64.5  -85.3      4   0.01     12     10  478.6  478.7  478.6
   50.0  20760  -61.3  -84.8      3   0.01     45      7  498.6  498.6  498.6
   49.0  20888  -60.7  -84.6      3   0.01     45      4  502.9  502.9  502.9
   46.0  21287  -58.9  -84.3      2   0.01     75     15  516.4  516.5  516.4
   44.0  21568  -57.6  -84.0      2   0.01     65     29  526.1  526.2  526.1
   41.0  22014  -55.6  -83.6      2   0.01     40     15  541.9  542.0  541.9
   39.0  22331  -54.1  -83.3      2   0.01     45     13  553.3  553.4  553.4
   38.0  22495  -53.4  -83.2      2   0.01    150      9  559.4  559.5  559.4
   37.6  22562  -53.1  -83.1      1   0.01                561.8  561.9  561.8

Station information and sounding indices

                         Station identifier: YMML
                             Station number: 94866
                           Observation time: 100306/1200
                           Station latitude: -37.66
                          Station longitude: 144.85
                          Station elevation: 119.0
                            Showalter index: 3.56
                               Lifted index: 1.83
    LIFT computed using virtual temperature: 1.81
                                SWEAT index: 147.98
                                    K index: 31.00
                         Cross totals index: 20.50
                      Vertical totals index: 23.10
                        Totals totals index: 43.60
      Convective Available Potential Energy: 41.16
             CAPE using virtual temperature: 51.46
                      Convective Inhibition: -47.59
             CINS using virtual temperature: -41.61
                           Equilibrum Level: 704.95
 Equilibrum Level using virtual temperature: 704.80
                   Level of Free Convection: 839.14
             LFCT using virtual temperature: 845.24
                     Bulk Richardson Number: 2.43
          Bulk Richardson Number using CAPV: 3.04
  Temp [K] of the Lifted Condensation Level: 286.88
Pres [hPa] of the Lifted Condensation Level: 927.31
     Mean mixed layer potential temperature: 293.15
              Mean mixed layer mixing ratio: 10.78
              1000 hPa to 500 hPa thickness: 5625.00
Precipitable water [mm] for entire sounding: 36.42
