94975 YMHB Hobart Airport Observations at 00Z 09 Jul 2013

-----------------------------------------------------------------------------
   PRES   HGHT   TEMP   DWPT   RELH   MIXR   DRCT   SKNT   THTA   THTE   THTV
    hPa     m      C      C      %    g/kg    deg   knot     K      K      K 
-----------------------------------------------------------------------------
 1033.0     27    3.2    0.5     82   3.86    320      7  273.8  284.4  274.4
 1030.0     50    2.4   -0.4     82   3.62    318      7  273.2  283.2  273.8
 1026.0     81    3.8    0.0     76   3.74    315      7  274.9  285.3  275.6
 1000.0    288    5.4   -1.6     61   3.42    295      6  278.6  288.2  279.1
  994.0    337    5.8   -2.2     56   3.29    289      6  279.4  288.8  280.0
  981.0    444    4.9   -2.6     59   3.24    275      5  279.6  288.8  280.1
  925.0    921    0.8   -4.2     69   3.04    215      6  280.1  288.8  280.6
  888.0   1247   -2.1   -5.9     75   2.78    261      8  280.4  288.4  280.9
  871.0   1401   -1.5  -13.5     40   1.56    282     10  282.6  287.3  282.9
  865.0   1456   -0.8  -21.6     19   0.79    290     10  283.9  286.4  284.0
  856.0   1540    0.2  -33.8      6   0.26    299     12  285.8  286.6  285.8
  850.0   1596    0.4  -28.6      9   0.43    305     13  286.6  288.0  286.6
  797.0   2103   -4.3  -28.1     14   0.48    325     10  286.9  288.4  287.0
  750.0   2582   -8.7  -27.7     20   0.53    304      8  287.1  288.8  287.2
  731.0   2781   -7.7  -39.7      6   0.17    295      7  290.3  290.9  290.3
  700.0   3116  -10.1  -38.1      8   0.21    280      6  291.3  292.0  291.3
  669.0   3463  -12.8  -40.8      8   0.16    270     10  292.1  292.7  292.1
  654.0   3637  -14.1  -42.1      7   0.15    266     10  292.5  293.0  292.5
  609.0   4178  -15.3  -55.3      2   0.03    254     10  297.1  297.2  297.1
  596.0   4339  -16.4  -57.0      2   0.03    250     10  297.6  297.7  297.6
  577.0   4581  -18.2  -59.5      1   0.02    285     14  298.4  298.4  298.4
  540.0   5077  -21.7  -64.7      1   0.01    278     14  299.9  299.9  299.9
  500.0   5640  -25.9  -66.9      1   0.01    270     14  301.4  301.4  301.4
  417.0   6917  -35.8  -58.1      8   0.04    250     20  304.7  304.9  304.7
  400.0   7210  -38.1  -56.1     13   0.05    250     23  305.4  305.6  305.4
  394.0   7314  -38.7  -52.7     21   0.07    250     23  305.9  306.2  305.9
  349.0   8133  -46.5  -49.7     70   0.12    252     26  306.2  306.6  306.2
  309.0   8930  -52.7  -61.7     33   0.03    254     28  308.3  308.5  308.4
  300.0   9120  -54.1  -63.1     32   0.03    255     29  309.0  309.1  309.0
  265.0   9907  -59.9  -67.9     34   0.02    262     35  311.7  311.7  311.7
  252.0  10221  -62.3  -70.4     33   0.01    265     37  312.6  312.7  312.6
  250.0  10270  -62.1  -70.8     30   0.01    265     38  313.6  313.7  313.6
  225.0  10926  -59.5  -75.9     10   0.01    265     35  327.1  327.1  327.1
  200.0  11660  -56.7  -81.7      3   0.00    270     44  342.8  342.8  342.8
  199.0  11692  -56.5  -82.5      2   0.00    270     44  343.6  343.6  343.6
  156.0  13240  -53.9  -85.9      1   0.00    265     65  372.8  372.8  372.8
  150.0  13490  -53.5  -86.5      1   0.00    275     64  377.7  377.7  377.7
  135.0  14166  -52.9  -85.9      1   0.00    279     69  390.3  390.3  390.3
  132.0  14310  -53.2  -86.1      1   0.00    280     70  392.3  392.3  392.3
  121.0  14865  -54.2  -86.8      1   0.00    290     59  400.3  400.3  400.3
  100.0  16080  -56.5  -88.5      1   0.00    275     65  418.3  418.3  418.3
   74.3  17954  -58.2  -89.3      1   0.00    275     70  451.8  451.9  451.8
   74.0  17979  -58.2  -89.3      1   0.00    275     70  452.3  452.3  452.3
   70.0  18330  -58.5  -89.5      1   0.00    275     59  458.9  458.9  458.9
   68.0  18511  -59.1  -89.5      1   0.00    280     56  461.5  461.5  461.5
   63.0  18988  -60.6  -89.6      1   0.00    285     67  468.4  468.4  468.4
   61.3  19159  -61.1  -89.6      1   0.00    284     65  470.9  470.9  470.9
   57.4  19570  -57.7  -89.7      1   0.00    280     60  487.5  487.5  487.5
   57.0                                       280     59                     
Station information and sounding indices

                         Station identifier: YMHB
                             Station number: 94975
                           Observation time: 130709/0000
                           Station latitude: -42.83
                          Station longitude: 147.50
                          Station elevation: 27.0
                            Showalter index: 11.85
                               Lifted index: 12.32
    LIFT computed using virtual temperature: 12.28
                                SWEAT index: 40.00
                                    K index: -30.30
                         Cross totals index: -2.70
                      Vertical totals index: 26.30
                        Totals totals index: 23.60
      Convective Available Potential Energy: 0.00
             CAPE using virtual temperature: 0.00
                      Convective Inhibition: 0.00
             CINS using virtual temperature: 0.00
                     Bulk Richardson Number: 0.00
          Bulk Richardson Number using CAPV: 0.00
  Temp [K] of the Lifted Condensation Level: 270.40
Pres [hPa] of the Lifted Condensation Level: 911.53
     Mean mixed layer potential temperature: 277.67
              Mean mixed layer mixing ratio: 3.45
              1000 hPa to 500 hPa thickness: 5352.00
Precipitable water [mm] for entire sounding: 6.14
Description of the data columns or sounding indices.

 
Interested in graduate studies in atmospheric science? Check out our program at the University of Wyoming
Questions about the weather data provided by this site can be addressed to Larry Oolman (ldoolman@uwyo.edu)
