YDGV Observations at 00Z 03 Jan 2009
 
-----------------------------------------------------------------------------
   PRES   HGHT   TEMP   DWPT   RELH   MIXR   DRCT   SKNT   THTA   THTE   THTV
    hPa     m      C      C      %    g/kg    deg   knot     K      K      K 
-----------------------------------------------------------------------------
 1001.0     53   27.8   26.3     92  22.11    310      8  300.9  366.3  304.8
 1000.0     64   27.6   25.7     89  21.34    310      8  300.8  363.9  304.6
  973.0    305   25.9   24.0     89  19.74    320     17  301.4  359.9  305.0
  925.0    751   22.8   20.8     88  17.03    320     17  302.6  353.2  305.7
  902.0    971   21.2   19.6     91  16.19    321     18  303.1  351.4  306.1
  850.0   1487   18.6   16.1     85  13.73    325     20  305.6  347.0  308.1
  770.0   2332   14.0   12.0     88  11.57    335     23  309.4  344.9  311.6
  752.0   2532   13.8    7.8     67   8.90    337     24  311.3  339.0  313.0
  728.0   2804   12.1    6.5     69   8.43    340     25  312.3  338.7  313.9
  700.0   3133   10.0    5.0     71   7.87    340     24  313.5  338.4  315.0
  686.0   3301    9.0    6.2     83   8.74    339     24  314.2  341.8  315.9
  685.0   3313    9.0    5.5     79   8.34    339     24  314.4  340.7  315.9
  631.0   3989    5.8   -0.2     65   6.01    337     22  318.2  337.7  319.3
  574.0   4756    0.2   -3.6     76   5.14    334     21  320.3  337.2  321.3
  515.0   5616   -4.1   -7.8     76   4.16    330     19  325.2  339.3  326.0
  500.0   5850   -5.3   -8.9     76   3.92    335     18  326.5  339.9  327.3
  459.0   6521   -7.9  -12.4     70   3.23    356     11  331.3  342.7  332.0
  451.0   6658   -9.0  -14.5     64   2.78      0      9  331.7  341.5  332.2
  447.0   6727   -9.5  -15.5     62   2.57      4      9  331.9  341.0  332.4
  439.0   6867  -10.7  -13.7     79   3.04     12     10  332.1  342.8  332.7
  436.0   6920  -10.9  -14.3     76   2.91     15     10  332.4  342.7  333.0
  416.0   7281  -12.7  -18.7     61   2.11     12     12  334.6  342.3  335.1
  400.0   7580  -14.9  -19.9     66   1.98     10     14  335.5  342.8  335.9
  389.0   7790  -16.4  -20.1     73   2.01     10     15  336.2  343.6  336.6
  377.0   8026  -18.1  -20.3     83   2.03     17     15  337.0  344.5  337.4
  361.0   8350  -19.9  -24.9     64   1.41     26     15  338.8  344.1  339.1
  347.0   8642  -22.0  -25.1     76   1.45     35     15  339.8  345.3  340.1
  345.0   8685  -22.3  -25.1     78   1.45     35     15  340.0  345.5  340.3
  312.0   9415  -27.1  -30.9     70   0.93     35     15  343.3  346.9  343.5
  300.0   9700  -28.9  -33.2     66   0.78     50     14  344.5  347.6  344.7
  288.0   9990  -30.9  -36.2     60   0.60     70     16  345.7  348.1  345.8
  280.0  10191  -32.3  -38.3     55   0.50     68     17  346.5  348.6  346.6
  264.0  10601  -35.7  -41.7     54   0.37     65     19  347.4  348.9  347.4
  250.0  10980  -38.9  -44.9     53   0.28     75     20  348.1  349.3  348.1
  212.0  12089  -47.9  -54.9     44   0.10    106     22  350.9  351.3  350.9
  202.0  12405  -50.9  -57.9     43   0.08    115     23  351.0  351.4  351.0
  200.0  12470  -51.5  -58.5     43   0.07    115     23  351.1  351.4  351.1
  173.0  13395  -60.1  -68.1     34   0.02    106     26  351.7  351.8  351.7
  171.0  13467  -60.8                         105     26  351.8         351.8
  157.0  13994  -65.5                         118     31  352.4         352.4
  150.0  14270  -67.9                         125     34  352.9         352.9
  129.0  15133  -74.5                         130     40  356.6         356.6
  110.0  16045  -81.5                          95     35  360.1         360.1
  100.0  16590  -85.7                         100     33  361.9         361.9
   96.4  16791  -86.9                          95     34  363.4         363.4
   92.0  17046  -87.2                          80     33  367.8         367.8
   89.7  17184  -87.3                          80     36  370.1         370.1
   84.0  17545  -83.8                          80     43  384.1         384.1
   82.5  17645  -82.9                          79     43  388.1         388.1
   77.3  18007  -84.1                          76     42  392.9         392.9
   75.0  18178  -81.2                          75     41  402.4         402.4
   72.0  18409  -77.2                          75     28  415.5         415.5
   70.6  18521  -75.3                          89     24  421.9         421.9
   70.0  18570  -75.5                          95     22  422.5         422.5
   69.0  18653  -75.5                         110     22  424.2         424.2
   59.0  19559  -75.9                         120     25  442.8         442.8
   58.9  19568  -75.9                         120     25  443.0         443.0
   57.5  19708  -75.7                         114     25  446.5         446.5
   56.3  19831  -70.7                         109     24  460.6         460.6
   52.0  20305  -68.7                          90     23  475.8         475.8
   50.4  20492  -67.9                         102     17  482.0         482.0
   50.0  20540  -66.9                         105     16  485.4         485.4
   49.0  20664  -63.0                         115     18  497.3         497.3
   48.5  20727  -61.1                         115     18  503.4         503.4
   47.1  20909  -59.9                         115     20  510.5         510.5
   45.0  21192  -60.5                         115     22  515.8         515.8
   39.0  22078  -62.3                          85     38  532.8         532.8
   37.0  22403  -63.0                          60     29  539.1         539.1
   36.0  22573  -63.3                          60     18  542.4         542.4
   35.0  22747  -63.7                          90     12  545.9         545.9
   34.4  22855  -63.9                          96     13  548.0         548.0
   34.0  22927  -62.9                         100     13  552.4         552.4
   33.0  23112  -60.4                         105     18  563.9         563.9
   32.5  23207  -59.1                          98     17  569.8         569.8
   31.0  23504  -58.6                          75     15  578.8         578.8
   30.0  23710  -58.3                          85     18  585.1         585.1
   29.0  23923  -57.6                          90     24  592.7         592.7
   28.0  24144  -56.9                          87     26  600.7         600.7
   23.0  25403  -52.9                          70     36  647.0         647.0
   21.2  25924  -51.3                          79     31  667.2         667.2
   21.0  25985  -51.6                          80     30  668.0         668.0
   20.0  26300  -53.3                         100     28  672.3         672.3
   19.0  26630  -53.3                         110     34  682.2         682.2
   18.0  26978  -53.3                          90     49  692.8         692.8
   16.2  27656  -53.3                          87     57  714.0         714.0
   15.0  28155  -50.5                          85     63  739.3         739.3
   14.7  28286  -49.7                                     746.1         746.1
Station information and sounding indices
                         Station identifier: YDGV
                             Station number: 94150
                           Observation time: 090103/0000
                           Station latitude: -12.28
                          Station longitude: 136.81
                          Station elevation: 53.0
                            Showalter index: -1.13
                               Lifted index: -5.51
    LIFT computed using virtual temperature: -6.17
                                SWEAT index: 251.22
                                    K index: 35.00
                         Cross totals index: 21.40
                      Vertical totals index: 23.90
                        Totals totals index: 45.30
      Convective Available Potential Energy: 2512.63
             CAPE using virtual temperature: 2720.92
                      Convective Inhibition: -2.32
             CINS using virtual temperature: -0.70
                           Equilibrum Level: 111.20
 Equilibrum Level using virtual temperature: 111.10
                   Level of Free Convection: 923.61
             LFCT using virtual temperature: 934.91
                     Bulk Richardson Number: 408.32
          Bulk Richardson Number using CAPV: 442.16
  Temp [K] of the Lifted Condensation Level: 296.69
Pres [hPa] of the Lifted Condensation Level: 946.43
     Mean mixed layer potential temperature: 301.40
              Mean mixed layer mixing ratio: 19.79
              1000 hPa to 500 hPa thickness: 5786.00
Precipitable water [mm] for entire sounding: 60.09
